2 10 1 
-0.9999843473
-0.7369244236
0.5112106451
-0.0826997357
0.0655344753
-0.5620816271
-0.9059107675
0.3577294344
0.3585928123
0.8693857928
-0.2329958447
0.0388327446
0.6619306930
-0.9308557789
-0.8930767299
0.0594003872
0.3422987688
-0.9846036276
-0.2331686981
-0.8663155249
-0.1650280507
0.3735454254
0.1779532863
0.8608729903
0.6923337818
0.0538575557
-0.8160702184
0.3078379252
-0.1680012859
0.4023811895
0.8206416618
0.5243960801
-0.4750940124
-0.9050709725
0.4721637699
-0.3435315474
0.2652771364
0.5128209726
0.9820747720
-0.2693226582
-0.5059222286