2 10 1 
0.8442057025
0.5652276516
-0.2188724188
-0.5887494055
0.8887377883
-0.9840064831
-0.1969614673
-0.3313878303
0.3647313280
0.0394185158
0.5069866809
0.9251343076
0.7322933578
-0.3455486208
0.3643256085
-0.7795091875
0.7890844557
0.1424335075
-0.1200483778
0.3469078544
0.4802984153
0.3754539205
0.2540302940
-0.5128581929
0.3923478819
0.1908407995
-0.5386914644
0.2125545230
0.4038583696
-0.3523932466
-0.6733004057
-0.1599204840
0.2164192323
-0.6419725992
0.3665221477
0.1377250535
0.7449649915
0.6265977897
-0.7709612462
0.4543326539
-0.0310980203